000000000000000000000000000000000000000000000000
000000000000000000000000000000000000000000000000
000000000000001000000000000000000000000000000000
000000000000000000000000000000000000000000000000
000000000000000000000000000000000000000000000000
000000000000000000000010000000000000000000000000
000000000000000000000000000000000000000000000000
000000100000000000000000000000000000000000000000
000000000000000000000000000000000000000000010000
000000000000000000000000000000000000000000000000
000000000000000000000000001000000000000000000000
000000000000000000000000000000000000000000000000
000000000000000000000000000000000000000000000000
000000000000000000000000000000000000000000010000
000000100000000100000000000010000000000000000000
000000000000000000000000000000000000000000000000
000000000000000000000000000000000000000000000000
000000001000000000000000000000000000000000100000
000000000000000000001000100000000000000100000000
000000000001000000000000000000000000000000000000
000000000000000000000000000000000000010000000000
000000000000001000000000000000000000000000000000
000000000000000000100000000010000000000000000000
000000000000000000000000000000000000000000000000
000000000000000000000000000000000000000000000000
000000000000000000000000000000000000000000000000
000000000000000000000000000000000000000000000000
000000000000000000000000000000000000000000000000